# Mingcheng Chen's Test File

dx = 0.00415
dy = 0.00368245
dz = 0.0065
nx = 200
ny = 200
nz = 200
sigma = 0.01
stencilSize = 15
dataFile = "lcsLastPositions.txt"
